AFM|101|102|121|123|131|201|202|203|204|211|231|241|271|272|273|274|280|291|311|321|322|323|328|329|331|332|333|341|351|352|361|362|363|371|372|373|382|391|401|411|412|415|416|417|418|422|423|424|425|428|429|431|432|433|434|442|443|451|452|461|462|471|472|473|474|475|476|477|478|479|480|481|482|483|484|491|492|501|502|503|504
ACTSC|221|231|232|291|331|371|372|391|431|432|433|445|446|453|455|462|463|468|469|471|611|612|613|614|615|621|622|623|624|625|631|632|633|634|635|690|831|832|833|845|846|853|855|862|863|936|961|963|964|965|966|970|971|972|973|974|980|991|992
ANTH|100|101|102|103|201|202|203|204|210|229|230|233|260|261|272|290|300|302|303|305|309|311|320|321|322|330|335|345|347|348|350|351|352|355|361|365|370|371|372|380|381|382|390A|390B|391|393|395|400|402|403|404|411|415|420|430|440|447|455|460|461|470|492A|492B|495|497|498|499A|499B|600|604|605|608|614|655|659|660|661|662
AHS|100|150|600|782
APPLS|205R|301|304R|306R
AMATH|231|242|250|251|261|271|310|331|332|333|342|343|350|351|353|361|373|382|383|390|391|431|432|433|442|444|447|451|453|455|456|463|473|475|477|495|655|663|673|675|690|731|732|740|741|751|753|777|851|855|863|867|871|872|873|874|875|876|877|881|882|900
ARCH|100|110|113|114|125|126|142|143|172|173|174|175|192|193|212|215|225|226|246|247|248|252|256|260|263|264|272|273|274|275|276|277|284|285|292|293|313|314|327|328|331|332|342|343|345|346|347|362|364|365|374|375|384|385|392|393|425|428|429|442|443|446|448|449|465|473|474|475|484|485|492|493|510|520|540|570|610|611|612|613|622|623|624|629|640|641|642|643|644|645|646|652|654|655|662|672|673|675|676|677|678|684|685|686|690|691|692|693
ARTS|101|111|122|125|190|280|290|301|303|304|365|366|367|390|490|600|601
ARBUS|100|101|102|200|201|202|204|300|301|302|400
AVIA|101|102|203|204|205|306|307|310|374|408|474|475
BASE|32|34|36|42|44|46
BIOL|101|110|112|120|130|130L|139|140|140L|150|165|208|211|225|239|240|240L|241|250|265|266|273|273L|280|301|302|303|308|309|310|321|323|325|331|335L|341|342|345|346|348L|349|350|351|354|355|358|359|360|361|364|365|366|370|371|373|373L|374L|376|377|382|383|403|412|414|426|428|431|432|433|434|438|439|441|442|443|444|447|448|449|450|452|455|456|457|458|461|462|465|466|467|469|470|472|473|474|475|476|477L|479|480|483|484|485|486|487|488|489|490A|490B|490C|490D|491A|491B|492|496|498A|498B|499A|499B|602|604|605|606|608|610|611|612|614|617|618|621|622|623|624|625|627|628|629|631|636|642|645|646|650|651|652|667|669|670|675|678|680|681|690
BME|101|101L|102|121|122|161|162|181|182|184|184L|186|201|202|213|252|261|281|281L|282|283|284|284L|285|285L|286|292|292L|301|302|351|352|352L|353|353L|354|355|361|362|364|381|384|386|391|391L|392|392L|401|402|411|461|462
BUS|111W|121W
BET|100|300|310|320|400|410A|410B|411|412|420|600|601|602|603|604|605|606|607|608|620|700
CHE|100|101|102|121|161|200|201|202|211|220|230|231|241|290|291|298|299|301|302|311|312|313|314|322|325|330|331|360|361|390|391|398|399|401|402|420|425|480|482|483|490|498|499|500|514|516|522|524|541|543|562|564|571|572|574|610|612|614|620|622|624|630|632|640|641|660|661|672|674|710|715|720|725|730|735|740|745|750|755|760|765|770|775
CHEM|1|100|101|120|120L|123|123L|140|140L|201|209|212|217|220|220L|221|224L|228|228L|233|237|237L|239|240|250L|254|262|262L|264|265|265L|266|266L|267|267L|301|302|305|305L|310|310L|313|313L|323|331|333|335L|339|340|340L|350|350L|356|357|360|360L|363|370|381|382L|392A|392B|404|406|410|420|430|432|433|440|450|460|464|470|479|481|482|491A|491B|494A|494B|495|496|497|710|712|713|715|717|718|720|724|726|727|728|729|730|731|736|737|738|740|745|746|750|755|756|760|764|765|766|769|770|771|772|773|794
CHINA|101R|102R|120R|200R|201R|202R|272R|301R|302R|310R|320R|390R|391R
CMW|201|202|363|364|390
CIVE|100|104|105|115|121|125|127|153|199|204|205|221|222|224|230|240|241|265|280|291|292|298|299|303|306|310|313|331|332|341|342|343|353|354|375|381|382|392|398|399|400|401|403|405|413|414|415|422|440|444|460|484|486|491|497|498|499|505|507|512|542|554|572|583|596|601|602|603|604|605|610|611|613|614|615|620|640|641|642|643|650|651|652|653|670|671|673|676|680|681|682|700|701|702|703|704|705|706|707|708|709|710|711|712|720|740|741|742|743|744|745|746|750|751|752|753|754|755|770|771|772|773|774|775|776|777|778|779|780
CLAS|100|103|104|105|201|202|205|210|221|230|231|232|237|241|242|251|252|261|311|321|325|327|331|341|342|351|352|361|362|384|390|395|461|485|486|490A|490B|492|600|601|631|632|633|635|636|637|640|641|642|643|644|651|652|653|654|655|656|657|659|690|691|695
COGSCI|300|600
CO|227|250|255|327|330|331|342|351|352|353|355|367|370|372|380|430|434|439|440|442|444|446|450|452|453|454|456|459|463|466|471|480|481|485|487|499|601|602|630|631|634|639|640|642|644|646|650|652|663|664|666|671|681|685|687|690|730|734|738|739|743|745|749|750|751|754|759|765|769|771|778|779|781|785|789|839|849|859|869|879
COMM|101|102|103|231|321|400|421|431|432
CS|100|105|106|115|116|135|136|137|138|145|146|200|230|234|240|241|245|246|247|251|330|335|338|341|343|348|349|350|360|365|370|371|383|398|399|430|432|436|442|444|445|446|447|448|449|450|452|454|456|457|458|462|466|467|473|475|476|482|483|484|485|486|487|488|489|490|492|497|499R|499T|634|636|638|640|642|644|645|646|647|648|649|650|652|654|655|656|657|658|662|664|666|667|670|672|673|675|676|682|683|684|685|686|687|688|690A|690B|692|697|698|740|741|742|743|744|745|746|755|758|761|762|763|764|765|766|767|768|770|774|775|778|779|780|781|782|783|784|785|786|787|788|789|791|792|793|798|840|842|846|848|850|854|856|858|860|867|869|870|882|886|887|888|889|898
COOP|1|1G|2|2G|3|3G|4|5|6|7|8|9|10|11|12|101|601
CROAT|101|102|201|202|496
DAC|201|202|203|300|301|302|303|304|305|307|308|309|329|400|403
DRAMA|100|101A|101B|102|200|206|207|220|221|222|243|244|246|248|250|278|280|282|284|286|288|300|301|306|307|311|312|313|314|315|316|317|318|319A|319B|319C|319D|319E|321|322|326|331|332|333|334|335|341|343|348|349|350|351|352|353|354|355|356|357|358|359|360|361|362|363|366|368|371|372|374|376|378|379|380|381|382|386|387|390|391|392|393|394|395|396|397|400|401|402|403|404|405|406|407|409|410|416|417|421|422|425|426|440|443|490|491|499A|499B
DUTCH|101|102|201|202
EARTH|10|121|121L|122|122L|123|123L|153|205|221|223|231|232|235|236|238|260|270|281|305|305L|310|321|331|332|333|336|342|358|359|361|390|421|435|436A|436B|437|438|439|440|444|456|458|458L|459|460|461|461L|471|490|491|499|601|602|603|606|610|611|612|620|621|622|623|624|625|626|630|631|632|634|635|638|640|641|642|643|644|645|646|650|651|653|654|656|657|658|659|661|668|671|690|691|692|695
EASIA|201R|202R|203R|204R|205R|206R|207R|210R|220R|231R|250R|260R|275R|277R|291R|300R|301R|302R|304R|330R|360R|361R|362R|363R|375R|377R|391R
ECON|100|101|102|201|202|206|207|211|212|220|221|231|254|255|256|261|262|265|290|301|302|304|306|310|311|321|322|323|332|333|334|335|341|342|344|345|351|355|357|361|363|365|366|371|372|381|382|383|384|385|386|387|388|389|391|392|393|401|402|403|404|405|406|407|408|409|410|411|412|421|422|423|436|442|445|451|452|456|461|465|471|472|474|483|484|485|486|487|488|489|491|496|601|602|604|605|606|621|622|622A|622B|623|624|631|635|637|641|642|643|645|648|651|655|657|659|672|673|701|702|704|721|722|723|727|741|742|743|751|757|773
ECE|100A|100B|103|105|106|124|126|140|150|155|200A|200B|202|204|204A|204B|205|206|207|209|222|224|231|240|241|242|250|251|254|261|290|300A|300B|301|302|309|316|318|324|325|327|331|332|342|351|354|355|356|358|361|362|370|375|380|390|391|400A|400B|401|402|403|404|405|406|409|411|412|413|414|415|416|417|418|419|423|428|429|431|432|433|434|437|438|439|443|444|445|450|451|452|453|454|455|456|457|457A|457B|458|459|462|463|464|467|471|473|474|475|476|477|481|484|486|488|492A|492B|493|498A|498B|499|600|602|603|604|605|606|607|610|611|612|613|614|616|617|621|627|628|629|630|631|632|633|634|635|636|637|638|639|644|645|647|650|651|652|653|654|655|656|657|658|661|662|663|664|665|666|667|668|669|671|672|674|675|678|682|683|685|686|687|688|700|710|711|720|725|730|731|732|733|738|740|741|750|752|753|754|755|760|761|762|765|768|770|780|781|784|6601PD|6602PD|6603PD|6604PD|6605PD|6606PD|6607PD|6608PD|6609PD|6610PD|6611PD|6612PD|6613PD|6614PD|6615PD|6616PD|6617PD|6618PD
ENGL|51|100A|100B|100C|101A|101B|102A|102B|103A|103B|104|105A|105B|107|108A|108B|108C|108D|108E|108F|108H|108M|108P|108T|109|119|129R|140R|141R|190|200A|200B|201|202A|202B|203|204|205R|206|208A|208B|208C|208E|208G|208H|208K|208L|208M|208N|209|210C|210E|210F|210G|210H|210I|210J|211|212|213|214|215|216|217|218|219|220A|220B|220C|233A|233B|233C|233D|235|240R|241R|247|251A|251B|260|275|280|290|291|292|293|294|295|301H|303|304|305A|305B|306A|306B|306C|306D|306E|306F|306G|309A|309B|309C|309E|309G|310A|310B|310C|313|315|316|318|319|320|322|325|330A|330B|335|336|342|343|344|345|346|347|348|350A|350B|361|362|363|364|365|366|371|376R|377R|392A|392B|403|406|407|408A|408B|408C|409A|410A|410B|410C|410D|410E|410F|430A|430B|451A|451B|460A|460B|460C|460D|463|470A|470B|470C|471|472|481|484|485|486|487|490|492|493|494|495A|495B|700|705|710|715|720|725|730|735|750|755|760|770|775|780|785|788|789|790|791|792|793|794|795|796|797|799
EFAS|32|34|36|42|44|46
EMLS|101R|102R|103R|104R|110R|129R|601R|602R|612R
ENBUS|102|112|202|203|204|211|302|306|307|308|309|310|311|312|402A|402B|406|407|408|409|410|411|412|414|601|602|620|621|622|630|631|632|640|642|650|690|690A|690B
ERS|110|111|203|210|211|215|234|253|265|266|270|275|280|283|294|310|311|315|316|317|330|340|341|342|346|360|365|370|371|372|373|374|375|382|383|404|406|409|410|411A|411B|412A|412B|413|413A|413B|415|422|430|443|446|454|461|462|464|473|474|475|476|484|489|604|605|606|610|615|618|619|622|630|650|654|660|669|670|674|675|680|681|684|701|702
ENVE|100|127|153|214|221|223|224|225|275|276|277|279|280|292|298|299|320|321|330|335|375|376|383|391|398|399|400|401|430|431|472|498|499|573|577
ENVS|105|131|178|195|200|201|220|274|278|295W|334|374|395|400|401|433|444|469|474
FINE|100|101|102|110|112|120|121|130|150|200|202|204|205|206|209|210|212|213|214|215|216|217|220|221|222|223|223A|224|225|226|226A|226B|226D|227|228|228E|229|230|231|232|241|242|243|244|245|248A|248B|249A|249B|250|251|252|253|255R|256|257|258|259|262|271|272|274|275|281|282|290|293|294|300|301|302|303|304|305|306|307|308|313|316|319|319A|320|321|322|323|324|325|326A|326B|328|329|330|331|332|333|334|335|336|337|338|341|342|343|344|348A|348B|349A|349B|350|351|352|353|354|355|356R|357R|359|360|361|362|363|364|365|366|367|368|371|375|376|377|378|380|381|383|390|391|392|393|394|396|402|403|404|405|406|460A|460B|461|470|471|472|473|474|475|490|491|492|493|496|497|499|670A|670B|671|672A|672B|673|674|680|681|682|683|690|691|692|694|695
FR|101|151|152|192A|192B|197|203|250|250A|251|252|255|263|276|291|292|296|297|300A|303|332|332A|332B|343|343A|343B|351|352|353|354|354A|354B|355|363|363A|363B|365|367|373|375|392A|392B|393A|393B|395A|395B|399A|400|403|409|410|410A|410B|424|424A|424B|452|471|471A|471B|473|482|483|484|485|486|487|488|490|491|492|493|494|495|496|497|498|600|601|603|611|621|631|641|651|661|671|681|685|687
GENE|21A|21C|21D|21E|21I|21K|21L|21M|21N|21Q|21S|21T|21U|22A|22B|22C|22D|23E|23K|23Q|23S|101|119|121|123|199|299|301|302|303|315|395|396|397|399|401|402|403|404|411|412|415|499|501|502|503
GEOG|100|101|102|165|181|187|201|202|203|206|208|209|210|212|215|221|222|233|250|271|281|293|294|300|303|306|308|309|310|311|316|318|319|323|325|333|340|349|351|353|356|360|365|366|368|371|372|373|381|387|391|393|394|404|405|407|408|409|410|411|418|419|423|426|429|430A|430B|430C|432|450|452|453|454|459|461|462|471|474|475|481|483|487|490A|490B|600|601|602|603|604|605|606|607|608|609|611|613|615|616|619|620|621|624|625|634|635|637|638|639|640|641|642|643|644|645|646|647|648|649|651|652|653|654|660|661A|661B|664|665|666|668|669|671|672|673|674|675|676|677|678|679|685|690|691|692
GEOE|153|298|299|398|399|400|401|498|499
GER|100|101|102|180|200|201|202|203|204|211|212|220|250|261|262|271|272|280|291|292|298|299|301|303|304|305|306|307|308|309|331|332|333|334|350|353|354|359|362|363|364|383|385|395|396|397|398|399|407|420|431|490|495|600|601|602|603|604|610|611|612|613|614|615|620|621|622|623|695|700|701|702|703|704|710|711|712|713|714|715|720|721|722|723|751|752|753|754|761|762|763|764|765|771|772|773|774|774`|775|780|790|791|792
GERON|201|210|218|220|245|255|310|320|352|355|400|401A|401B
GBDA|101|102|103|201|202|203|204|205|206|228|229|301|302|303|304|305|306|307|308|365|401|402|403|404|465
GRK|101|102|105|133|134|201|202|233|234|331|332|341|351|421|451|490|491|600|601|621|631|632|633|651|673|691
HLTH|101|102|103|107|173|201|202|203|204|210|218|220|230|245|253|260|273|280|301|302|303|304|305|310|320|330|333|340|341|344|346|348|349|350|352|355|360|370|373|400|401|402|405|407|410|412|420|421|432A|432B|433|435|441|442|443|444|445|448|449|451|452|458|461|471|472|473|481
HIST|102|103|104|105|106|108|109|110|111|113|114|115|120|130|191|200|201|202|203|205|206|207|208|209|210|211|212|213|214|215|220|221|223|224|225|226|227|230|231R|232|234|235|236|237|239|242|243|244|245|247|249|250|252|253|254|255|257|258|260|262|263|264|265|266|268|269|271|275|277|278|282|289|291|300|302|303|304|305|309|310|311|312|313|314|315|316|317|318|321|329|339|340|341|347|348|350|351|356|358|363W|369|371|372|374|377R|379|380|385|387|388|389|390|391|397|398|400A|400B|401A|401B|402A|402B|403A|403B|407A|407B|409A|409B|411A|411B|421|422|450|491|601|602|603|604|605|606|607|608|610|611|612|614|620|621|622|626|627|632|633|635|636|651|653|660|691A|691B|691C|701|704|705|706|710|712|714|715|719|725|726|727|759|760|761|762|763|764|765|766|767|768|769|770|771|775|776|777
HRM|200|301|303|305|307|400
HUMSC|101|102|201|301|401|490
IS|100|101|102|103|104|105|106|107|108|109|110|200|201|202|203|204|205|206|207|208|209|210|211|212|220|301|302|304|305|306|307|308|309|310|311|312|320|321|322|330|401|402|403|404|405|410|411|412|420|421|422
INDEV|10|100|101|200|202|212|275|300|302|303|304|308|375|387|388|401|402|403|404|474|475|476|490A|490B|601|602|603|604|605|606|607|608|609|611|612|613|614|615|616
INTST|101
INTTS|301|400
ITAL|101|102|155|201|202|251|255|311|312|370|391|392|394|396|397
ITALST|111|260|270|271|291|292|311|312|360|370|391|392|394|396|397
JAPAN|101R|102R|111R|112R|201R|202R|272R|301R|302R|391R
JS|105A|105B|114|120|125|130|131|150|203|205|210|211|215|217|233|237|250|301|306A|306B|310|313|338|339|341|350|450
KIN|1|10|100|100L|101|104|105|107|121|140L|155|204|205|210|217|221|222|242|250|255|301|307|310|320|330|332|340|341|342|343|346|348|349|352|354|356|357|372|391|402|403|404|405|406|407|408|415|416|418|420|422|425|427|428|429|431|432|433|440|446|451|453|456|457|458|470|470E|471|472|491|492A|492B|493|494|601|602|606|607|611|612|613|616|620|625|631A|631C|631D|631E|631F|631G|646|651|652|653|654|656|670A|670B|670C|670D|670E|670F|670H|670I|680|682|684|686|687|700|702|704|707|713|714|715|727|730|731|732A|732B|750|751|760|775|780|782
INTEG|10|120|121|220|221|230|231|251|275|320|321|375|420|420A|420B|421|452A|452B|475
KOREA|101R|102R|201R|202R|272R|391R
LAT|101|102|201|202|202W|331|332|341|351|381|421|422|451|490|491|600|601|621|622|633|635|651|691
LS|101|102|201|202|206|221|222|223|224|226|227|228|229|235|236|237|240|249|250|263|271|272|273|280|283|286|291|292|300|306|319|321|322|325|326|327|331|344|351|352|363|365|366|372|373|374|386|401|402|403|413|425|428|434|461|462|463|464|492|496|498
MATBUS|470|471|472
MSCI|100|100B|121|131|200A|200B|211|240|252|261|262|263|271|300A|300B|311|331|332|333|334|342|343|346|391|392|400A|400B|401|402|411|421|422|423|424|431|432|433|434|435|436|442|443|444|445|446|452|453|454|491|531|541|551|555|597|598|599|600|601|602|603|605|606|607|609|620|631|632|633|638|646|651|652|700|702|703|709|712|720|721|723|724|726|730|731|732|734|740|741|744|750|751|753|760|765|767|770
MNS|10|101|102|201L|211|221|321|322|331|410|431
MATH|51|52|97|103|104|106|109|114|115|116|117|118|119|124|127|128|135|136|137|138|145|146|147|148|207|211|211N|212|212N|213|215|217|218|225|227|228|229|235|237|239|245|247|249|600|630|631|636|640|641|642|643|647|648|650|660|661|670|671|672|673|674|680|681|690|692|698|699|700
MTHEL|100|131|198|206A|298|300|398|400|498
ME|100|100B|101|115|123|135|200A|200B|201|202|203|212|215|219|220|230|235|250|262|269|300A|300B|303|321|322|340|351|353|354|360|362|380|400A|400B|401|423|435|436|452|456|459|481|482|524|526|531|533|535|538|547|548|555|557|559|561|563|564|566|567|571|595|596|597|598|599|610|620|621|627|628|631|632|645|648|649|651|652|653|662|663|664|670|705|706|707|709|710|711|720|722|725|729|731|732|734|735|736|737|738|739|741|742|743|745|747|748|749|750|751|753|755|756|758|759|760|761|762|765|770|780
MTE|100|100B|111|119|120|140|200A|200B|201|202|203|204|219|220|241|262|300A|300B|309|320|322|325|360|380|400A|400B|420|460|481|482|545
MEDVL|105|115|205|250R|251R|260|304
MUSIC|100|110|111|116|117|140|216|217|222|226|227|231|232|233|240|245|246|253|254|255|256|260|261|262|270|271|275|290|316|317|322|326|327|332|333|334|335|355|361|362|363|364|370|371|376|380|381|390|391|392|426|427|428|491|492
NE|100|101|102|109|111|112|113|115|121|122|125|131|201|202|215|216|217|220L|224|225|226|226L|232|241|242|250|301|302|307|318|320L|330L|333|334|335|336|340L|343|344|345|350|352|353|381|401|402|408|409|445|450|450L|451|452|454A|454B|454C|454D|454L|455A|455B|455C|455D|455L|459|461|469|471|479|481|489|491|499
NATST|272|370
OPTOM|103|104|105|106|108|109|114|124|126|134|143|152|152L|215|216|219|231|243|245|245L|246|250|252|252L|255|255L|261|262|270|272|339|342A|342B|346|347|347L|348A|348B|360|365|367|375|375L|377|380|385|387|412|441|451|458|460|461S|468|477|478|488|600|601|602|603|604|605|606|607|608|610|611|613|614A|614B|615|616|620|624A|624B|628|630|631|650|651|660|661|670|671|672|680|681|682|683|690A|690B
PACS|101|201|202|203|301|302|311|312|313|314|316|318|320|321|323|324|325|326|327|328|329|330|331|332|333|335|390|391|395|398|399|401|402|601|602|603|604|605|610|611|612|620|621|625|626|630|631|632|633|634|635|650|651|652|660|661|662|670|671|672
PHARM|110|111|120|120A|120B|124|125|126|127|128|129|130|131|140|141|150|151|155|220|221|222|223|224|227|228|229|232|232L|233L|237|252|262|290|291|320|321|322|323|324|329|330|350|351|352|353|361|362|363|364|365|366|367|368|369|370|371|372|373|374|375|376|377|378|379|390|391|400|401|415|415A|415B|420|421|422|425|428|430|440|450|460|461|462|464|465|466|467|468|469|470|471|472|473|474|475|476|490|491|495|496|497|498|499|601|602|603|604|605|606|607|608A|609|610|611|612|613|614|615|616
PHIL|100|100J|105|110A|110B|118J|120J|145|200A|200B|200J|201|202|204J|205|206|208|209|210J|215|216|218J|219J|220|221|224|226|227|230J|236|237|238|240|243|245|250A|250B|251|255|256|258|259|265|271|283|284|305J|306J|311|312|315|318J|319J|322|324|327|328|329|331|341|342|350|355|356|359|362|363|371|378|380|381|382|383|384|385|386|387|402|403|404|405|406|407|408|416|418J|420|421|422|423|435|436|440A|440B|441|442|447|450J|451J|452|455|456|458|459|463|465|470|471|472|473|474|475|476|477|478|479|480|481|482|483|484|498|600|670|671|672|673|674|680A|680B|696|698
PHYS|1|10|111|111L|112|112L|115|121|121L|122|122L|124|125|131L|132L|139|175|175L|191|222|223|224|224L|225|226|232L|233|234|236|239|241|242|242L|246|256|256L|258|260A|260B|260C|260L|263|270|270L|275|276|280|334|335|339|342|352|352L|353|353L|356|356L|358|359|360A|360B|363|364|365|370L|375|380|381|383|391|391L|392|392L|393|394|395|396|432|434|435|437A|437B|441A|441B|442|444|445|454|460A|460B|461|467|468|474|475|476|480|482|483|490|491|601|602|603|604|605|606|607|608|609|610|611|621|622|623|624|625|635|636|637|638|639|641|642|643|644|645|646|647|648|649|650|701|702|703|704|705|706|708|709|710|711|712|713|714|715|716|717|718|730|731|732|733|735|736|737|738|741|742|745|747|748|749|751|752|753|754|755|757|767|768|769|771|772|773|775|776|777|780|781|784|785|786|787|788|789|790|791|890
PLAN|100|102|103|104|105|110|203|210|233|261|281|300|309|313|320|333|340|341|346|349|350|351|353|362|381|387|401|403|405|408|409|414|416|418|431|432|433|440|450|451|452|453|471|474|477|478|480|481|483|484|485|487|490|601|602|603|610|611|613|614|615|616|619|621|622|623|625|630|639|641|646|647|648|649|652|654|657|660|661A|661B|665|666|668|669|674|675|677|678|684|700|701|702|703|704|705|710|720|721|801|802
POLSH|101|102|201|202
PSCI|100|101|110|150|190|200|214|225|226|231|244|250|252|253|254|255|257|259|260|264|281|282|283|291|292|299|300|314|315|321|323|324|331|334|350|350W|351|352|353|355|356|357|358|359|360|362|363|364|367|368|369|370|370W|373|375|381|382|383|387|389|390|391|401|402|403|404|405|420|421|423|426|427|428|429|431|432|433|434|435|438|439|450|451|452|453|454|455|456|457|458|459|460|461|462|463|472|479|480|481|482|483|484|485|486|487|488|489|490|491|492|497A|497B|498A|498B|498C|499A|499B|600|601|604|606|612|613|614|615|616|617|618|619|620|621|622|623|624|625|626|629|630A|630B|631|632|633|634|635|636|639|642|643|650|651|652|653|654|655|656|657|658|659|661|662|663|664|666|668|671|673|678|679|680|681|682|683|684|685|686|687|688|689|692
PORT|101|102
PD|1|2|3|4|5|6|7|8|9|10|11|12|20|21|22
PDARCH|1|2|3|4
PDPHRM|1|2|3|4|5|6|7|8
PSYCH|101|101R|121R|207|211|212|212R|213R|218|220R|221R|222R|226R|230|231|232|235|236|238|253|253R|256|257|257R|261|264|291|292|304|306|307|308|312|312R|314|315|316|317|318|319|320|321|322R|323R|330|332|334|334R|335|336|338|339|340|342|349R|350|352|353|354|354R|355|356|356R|361|363|372|375R|380|389|390|391|392|393|394|395|396|397|398|398R|399|399R|420|439|444R|447|448R|449R|450R|451|453|454|455|457|458|459|461|462|463|464|465|466|467|470|480|481|482|483|484|485|486|490R|492|499A|499B|499C|605|607P|607R|607S|608A|608B|608C|608D|608E|608F|608G|608H|608I|608J|608K|608L|609|609A|609B|609C|610A|610B|611|612A|612B|612C|613A|613B|613C|614A|614B|614C|615A|615B|615C|615D|615E|615F|615G|615H|615I|615J|616|617|618|619|620|620A|620B|621|621A|621B|622A|622B|623A|623B|624A|624B|625A|625B|625C|625D|625E|625F|625G|625H|625I|626A|626B|626C|627A|627B|627C|628A|628B|628C|629|630|632|633|633A|633B|634|635|635A|635B|635C|636|636A|636B|636C|637|637A|637B|637C|638|638B|639|640|645|650|670|677A|680|690|701|702|703|704A|704B|705|706|707|707A|707B|708|709|710|711|712|713|714|714A|714B|716|717|718|719|720A|720B|721A|721B|722C|723|724|725|726A|726B|727|727A|727B|728|729A|729B|729C|730A|730B|730C|731|732A|732B|732C|733A|733B|733C|734A|734B|734C|735A|735B|735C|736A|736B|736C|737A|737B|737C|738A|738B|738C|739A|739B|739C|740A|740B|740C|741A|741B|741C|742A|742B|742C|747|747A|747B|769|770|771|772|773|774|775|776|777|778|779|779A|779B|781|782|783|784|785|786|787|788|789|790|791|792|793|794|795|800|801|803|804|810|820|821|822|823|824|836A|844|846|851|852|853|870|875|876|877|878|879|880|881A|883|884|885|886|887|888
PMATH|330|331|332|333|334|336|340|345|346|347|348|351|352|354|360|365|367|370|399|432|433|434|440|441|442|444|445|446|450|451|453|464|465|467|499|632|641|642|644|646|650|651|652|665|667|690|701|702|733|740|745|753|763|764|800|810|811|822|833|844|900|911|922|930|933|940|944|945|950|955|965|966|990
REC|100|101|105|107|120|151|172|200|201|202|203|205|213|215|218|220|230|251|252|253|270|272|280|301|304|306|309|311|312|313|314|316|333|334|348|350|351|354|356|357|361|362|371|372|373|375|380|383|401|405|408|413|415|416|420|422|425|433|437|450|450A|450B|455|471A|471B|472|475|480|600|601|603|605|608|609|610|615|630|640|650|651|652|672|673|680|685|695|696|697|700|730|731|732A|732B|750|751|792|798
RS|100|100E|100F|110|111|112|113|114|115R|121|122|125|130|131|132|133|134|150|151|152|170|180|201|202|203|204|205|206|207|210|211|212|213|214|215|216|217|219|220|221|222|223|224|227|230|232|233|234|235|236|237|240|245|248|250|251|252|253|254|255|256|257|258|260|261|262|263|264|270R|271R|272|273|274|275|280|281|282|283|284|285|286|291|301|302|303|304|310|312|313|314|315|318|319|320|321|322|323|324|325|326|327|330|331|332|335|336|337|338|339|341|342|343|344|348|350|351|352|353|354|355|357|358|361|363|370|374|375|380|381|382|383|384|385|386|391|395|398|462|482|491|495|498|499|700|701|703|704|705|710|730
RUSS|101|102|201|202|203|204|301|302|303|600|601|602|603|604|611|612|613|614|620|621|622|623|670|671|695
REES|100|180|220|230|260|261|262|271|272|273|274|280|281|310|320|330|341|342|360|364|385|420|460|490|495|496
SCI|200|201|205|206|207|227|237|238|250|255|263|267|395|396|397|455|462
SCBUS|122|123|223|225|323|423|424|425
SMF|101|200|204|205|206|207|208|211|212|213|214|215|216|220|230|301|304|305|306|307|308|309|310|311|317|318|319|365|366|367|400|404|406|408|460|461|462|490|491|494|496|498|499A|499B
SDS|131R|150R|205R|210R|215R|220R|231R|240R|250R|251R|311R|312R|331R|350R|351R|353R|354R|355R|370R|375R|388R|398R|399R|400R|405R|415R|420R|425R|431R|440R|449R|450R|490R|495R|496R|499A|499B
SOCWK|120R|220R|221R|222R|240R|300R|301R|320R|321R|322R|326R|355R|356R|357R|365R|367R|375R|390A|390B|398R|399R|421R|450R|490R
SWREN|120R|220R|221R|222R|223R|224R|250A|250B|250R|251R|300R|301R|311R|312R|321R|349R|411R|414R|422R|423R|424R|431R|434R|441A|441B|441R|442A|442B|442R|443A|443B|443R|470R|471R|472R
STV|100|201|202|203|205|210|302|303|400|401|404
SOC|101|101R|102|120R|200|201|202|204|204R|205|206|207|207R|209|210|221|222|223|223R|224R|225|226|227|228|229|232|234|235|237|240|241|243|246|247|248|249|250|253|256|258|260|261|262|263|265|270|275|280|286|302|306|307|310|312|315|320|321|322|324|325|326|327|336|339|340|342|345|346|347|349|352|354|355J|362|365|366|368|369J|370|371|372|375R|377|378|382|398R|399R|401|402|404|405|406|407|408|409|410|411|412|413|414|415|416|417|418|420|421|424|425|428|434|435|450R|451|452|459|461|490R|497|498|499A|499B|696|697|700|703|704|705|706|707|708|709|710|711|712|713|714|715|716|717|719|720|725|730|735|740|744|745|750|751|759|760|765|766|768|770|774|776|778|780|781|782|783|784|786|789
SE|101|102|201|202|212|240|301|302|350|380|382|390|401|402|463|464|465|490|491|498|499
SPAN|101|102|150|201A|201B|210|217|218|220W|222W|223W|227|228|261W|262W|301A|301B|305W|322|324W|325W|326|327W|328W|333|334|335W|344|345|350|365W|366|386|387|388|390|395|400|401|401A|401B|410|415|418|430|438W|445|446W|450|451W|461W|465W|466W|467W|490|497|498W
SPCOM|100|101|102|111|204|220|223|225|226|227|228|300|323|324|325|326|329|335|339|399|400|401|402|403|404|420|426|430|431|432|433|434|440|475|490|491|499A|499B
STAT|202|206|211|220|221|230|231|232|240|241|316|321|322|330|331|332|333|334|337|340|341|371|372|373|430|431|433|435|436|437|440|441|442|443|444|446|450|454|464|466|467|468|469|631|690|814|830|831|833|835|836|837|840|841|842|844|846|850|854|890|891|901|902|906|908|923|929|930|931|932|935|936|937|938|946|947|974
SI|101R|102R|121R|201R|202R|221R|230R|231R|240R|241R|250R|251R|301R|302R|315R|320R|375R|390R
SYDE|101|101L|102|111|112|113|114|121|161|162|181|182|192|192L|201|202|211|212|223|252|261|262|281|282|283|284|285|286|292|292L|301|302|311|312|322|332|334|348|351|352|352L|361|362|372|381|383|384|401|402|411|422|431|433|444|461|462|475|482|522|531|533|542|543|544|552|553|556|558|575|621|622|624|625|631|632|633|642|643|644|652|654|655|661|671|672|673|674|675|676|677|682|683|684|710|720|730|740|750|760|770|780
UNIV|101
VCULT|100|101|200|300|400|401
WS|101|102|108E|201|202|205|206|207|208E|209|222|261|262|281|302|306|308|320|321|322|323|325|331|334|347|350|365|370|409|410F|422|430|475|499A|499B|601|602|680
WKRPT|1|2|3|4|100|101|103|200|200M|201|203|300|300M|301|303|400|400M|401